pb
pb
pb
rr
pb
rb
pb
rrb
rrb
pb
ra
pb
rb
pb
rrb
rrb
rrb
pb
rb
pb
rr
pb
rb
pb
pb
rrb
pb
ra
rrb
pb
rb
rb
rb
rb
pb
rr
rb
pb
rr
rr
pb
rb
rb
rb
pb
rb
pb
rrb
rrb
rrb
rrb
rrb
rrb
rrb
rrb
rrb
rrb
pa
pa
pa
pa
pa
pa
pa
pa
pa
pa
pa
pa
pa
pa
list a | 18 | 20 | -3 | 3 | 22 | 2 | 1 | 4 | 55 | 6 | 5 | -5 | -9 | 9 | 99 | 45 | 65 | 451 | 8 | -8 | 78 |
list b |
list a | 20 | -3 | 3 | 22 | 2 | 1 | 4 | 55 | 6 | 5 | -5 | -9 | 9 | 99 | 45 | 65 | 451 | 8 | -8 | 78 |
list b | 18 |
list a | -3 | 3 | 22 | 2 | 1 | 4 | 55 | 6 | 5 | -5 | -9 | 9 | 99 | 45 | 65 | 451 | 8 | -8 | 78 |
list b | 20 | 18 |
list a | 3 | 22 | 2 | 1 | 4 | 55 | 6 | 5 | -5 | -9 | 9 | 99 | 45 | 65 | 451 | 8 | -8 | 78 |
list b | -3 | 20 | 18 |
list a | 2 | 1 | 4 | 55 | 6 | 5 | -5 | -9 | 9 | 99 | 45 | 65 | 451 | 8 | -8 | 78 | 22 |
list b | -3 | 20 | 18 | 3 |
list a | 1 | 4 | 55 | 6 | 5 | -5 | -9 | 9 | 99 | 45 | 65 | 451 | 8 | -8 | 78 | 22 |
list b | -3 | 20 | 18 | 3 | 2 |
list a | 4 | 55 | 6 | 5 | -5 | -9 | 9 | 99 | 45 | 65 | 451 | 8 | -8 | 78 | 22 |
list b | 3 | 2 | 1 | -3 | 20 | 18 |
list a | 6 | 5 | -5 | -9 | 9 | 99 | 45 | 65 | 451 | 8 | -8 | 78 | 22 | 55 |
list b | 4 | 3 | 2 | 1 | -3 | 20 | 18 |
list a | 5 | -5 | -9 | 9 | 99 | 45 | 65 | 451 | 8 | -8 | 78 | 22 | 55 |
list b | 4 | 3 | 2 | 1 | -3 | 20 | 18 | 6 |
list a | -5 | -9 | 9 | 99 | 45 | 65 | 451 | 8 | -8 | 78 | 22 | 55 |
list b | 20 | 18 | 6 | 5 | 4 | 3 | 2 | 1 | -3 |
list a | -9 | 9 | 99 | 45 | 65 | 451 | 8 | -8 | 78 | 22 | 55 |
list b | 20 | 18 | 6 | 5 | 4 | 3 | 2 | 1 | -3 | -5 |
list a | 99 | 45 | 65 | 451 | 8 | -8 | 78 | 22 | 55 | 9 |
list b | 20 | 18 | 6 | 5 | 4 | 3 | 2 | 1 | -3 | -5 | -9 |
list a | 45 | 65 | 451 | 8 | -8 | 78 | 22 | 55 | 9 |
list b | 20 | 18 | 6 | 5 | 4 | 3 | 2 | 1 | -3 | -5 | -9 | 99 |
list a | 65 | 451 | 8 | -8 | 78 | 22 | 55 | 9 |
list b | 45 | 20 | 18 | 6 | 5 | 4 | 3 | 2 | 1 | -3 | -5 | -9 | 99 |
list a | 451 | 8 | -8 | 78 | 22 | 55 | 9 |
list b | 99 | 65 | 45 | 20 | 18 | 6 | 5 | 4 | 3 | 2 | 1 | -3 | -5 | -9 |
list a | -8 | 78 | 22 | 55 | 9 | 8 |
list b | -9 | 451 | 99 | 65 | 45 | 20 | 18 | 6 | 5 | 4 | 3 | 2 | 1 | -3 | -5 |
list a | 78 | 22 | 55 | 9 | 8 |
list b | 65 | 45 | 20 | 18 | 6 | 5 | 4 | 3 | 2 | 1 | -3 | -5 | -8 | -9 | 451 | 99 |
list a | 55 | 9 | 8 | 22 |
list b | 45 | 20 | 18 | 6 | 5 | 4 | 3 | 2 | 1 | -3 | -5 | -8 | -9 | 451 | 99 | 78 | 65 |
list a | 22 | 9 | 8 |
list b | 20 | 18 | 6 | 5 | 4 | 3 | 2 | 1 | -3 | -5 | -8 | -9 | 451 | 99 | 78 | 65 | 55 | 45 |
list a | 9 | 8 |
list b | 6 | 5 | 4 | 3 | 2 | 1 | -3 | -5 | -8 | -9 | 451 | 99 | 78 | 65 | 55 | 45 | 22 | 20 | 18 |
list a | 8 |
list b | 6 | 5 | 4 | 3 | 2 | 1 | -3 | -5 | -8 | -9 | 451 | 99 | 78 | 65 | 55 | 45 | 22 | 20 | 18 | 9 |
list a |
list b | 451 | 99 | 78 | 65 | 55 | 45 | 22 | 20 | 18 | 9 | 8 | 6 | 5 | 4 | 3 | 2 | 1 | -3 | -5 | -8 | -9 |
list a | 451 |
list b | 99 | 78 | 65 | 55 | 45 | 22 | 20 | 18 | 9 | 8 | 6 | 5 | 4 | 3 | 2 | 1 | -3 | -5 | -8 | -9 |
list a | 99 | 451 |
list b | 78 | 65 | 55 | 45 | 22 | 20 | 18 | 9 | 8 | 6 | 5 | 4 | 3 | 2 | 1 | -3 | -5 | -8 | -9 |
list a | 78 | 99 | 451 |
list b | 65 | 55 | 45 | 22 | 20 | 18 | 9 | 8 | 6 | 5 | 4 | 3 | 2 | 1 | -3 | -5 | -8 | -9 |
list a | 65 | 78 | 99 | 451 |
list b | 55 | 45 | 22 | 20 | 18 | 9 | 8 | 6 | 5 | 4 | 3 | 2 | 1 | -3 | -5 | -8 | -9 |
list a | 55 | 65 | 78 | 99 | 451 |
list b | 45 | 22 | 20 | 18 | 9 | 8 | 6 | 5 | 4 | 3 | 2 | 1 | -3 | -5 | -8 | -9 |
list a | 45 | 55 | 65 | 78 | 99 | 451 |
list b | 22 | 20 | 18 | 9 | 8 | 6 | 5 | 4 | 3 | 2 | 1 | -3 | -5 | -8 | -9 |
list a | 22 | 45 | 55 | 65 | 78 | 99 | 451 |
list b | 20 | 18 | 9 | 8 | 6 | 5 | 4 | 3 | 2 | 1 | -3 | -5 | -8 | -9 |
list a | 20 | 22 | 45 | 55 | 65 | 78 | 99 | 451 |
list b | 18 | 9 | 8 | 6 | 5 | 4 | 3 | 2 | 1 | -3 | -5 | -8 | -9 |
list a | 18 | 20 | 22 | 45 | 55 | 65 | 78 | 99 | 451 |
list b | 9 | 8 | 6 | 5 | 4 | 3 | 2 | 1 | -3 | -5 | -8 | -9 |
list a | 9 | 18 | 20 | 22 | 45 | 55 | 65 | 78 | 99 | 451 |
list b | 8 | 6 | 5 | 4 | 3 | 2 | 1 | -3 | -5 | -8 | -9 |
list a | 8 | 9 | 18 | 20 | 22 | 45 | 55 | 65 | 78 | 99 | 451 |
list b | 6 | 5 | 4 | 3 | 2 | 1 | -3 | -5 | -8 | -9 |
list a | 6 | 8 | 9 | 18 | 20 | 22 | 45 | 55 | 65 | 78 | 99 | 451 |
list b | 5 | 4 | 3 | 2 | 1 | -3 | -5 | -8 | -9 |
list a | 5 | 6 | 8 | 9 | 18 | 20 | 22 | 45 | 55 | 65 | 78 | 99 | 451 |
list b | 4 | 3 | 2 | 1 | -3 | -5 | -8 | -9 |
list a | 4 | 5 | 6 | 8 | 9 | 18 | 20pa
pa
pa
pa
pa
pa
pa
 | 22 | 45 | 55 | 65 | 78 | 99 | 451 |
list b | 3 | 2 | 1 | -3 | -5 | -8 | -9 |
list a | 3 | 4 | 5 | 6 | 8 | 9 | 18 | 20 | 22 | 45 | 55 | 65 | 78 | 99 | 451 |
list b | 2 | 1 | -3 | -5 | -8 | -9 |
list a | 2 | 3 | 4 | 5 | 6 | 8 | 9 | 18 | 20 | 22 | 45 | 55 | 65 | 78 | 99 | 451 |
list b | 1 | -3 | -5 | -8 | -9 |
list a | 1 | 2 | 3 | 4 | 5 | 6 | 8 | 9 | 18 | 20 | 22 | 45 | 55 | 65 | 78 | 99 | 451 |
list b | -3 | -5 | -8 | -9 |
list a | -3 | 1 | 2 | 3 | 4 | 5 | 6 | 8 | 9 | 18 | 20 | 22 | 45 | 55 | 65 | 78 | 99 | 451 |
list b | -5 | -8 | -9 |
list a | -5 | -3 | 1 | 2 | 3 | 4 | 5 | 6 | 8 | 9 | 18 | 20 | 22 | 45 | 55 | 65 | 78 | 99 | 451 |
list b | -8 | -9 |
list a | -8 | -5 | -3 | 1 | 2 | 3 | 4 | 5 | 6 | 8 | 9 | 18 | 20 | 22 | 45 | 55 | 65 | 78 | 99 | 451 |
list b | -9 |
-9 |-8 |-5 |-3 |1 |2 |3 |4 |5 |6 |8 |9 |18 |20 |22 |45 |55 |65 |78 |99 |451 |